0 1e-06 0 -0.002 0
0.314159265358979 -1.46740110027193e-06 3.67095965723237e-06 -0.002 0
0.628318530717959 3.30653197815714e-06 -1.07735404801103e-05 -0.002 0
0.942477796076938 -8.23661622536527e-06 2.79472506507252e-05 -0.002 0
1.25663706143592 2.08663074446273e-05 -7.12461122169664e-05 -0.002 0
1.5707963267949 -5.30018687728964e-05 0.000181145996069712 -0.002 0
1.88495559215388 0.00013468369354059 -0.000460381552482137 -0.002 0
2.19911485751286 -0.000342268129398125 0.0011699827449546 -0.002 0
2.51327412287183 0.000869805532815828 -0.00297328552380748 -0.002 0
2.82743338823081 -0.00221043852112182 0.00755600806810859 -0.002 0
3.14159265358979 0.00561738542026286 -0.0192018724150953 -0.002 0
3.45575191894877 -0.0142753307840082 0.0487938955245938 -0.002 0
3.76991118430775 0.0362754941642812 -0.123936310270118 -0.002 0
4.08407044966673 -0.0921468111555335 0.313914715563488 -0.002 0
4.39822971502571 0.233513927017878 -0.780781403083951 -0.002 0
4.71238898038469 -0.582726235153148 1.72389095776237 -0.002 0
5.02654824574367 1.3166665607171 -1.55577587473585 -0.002 0
5.34070751110265 -1.56024904689362 -1.30396201670351 -0.002 0
5.65486677646163 0.497363062269929 2.80237159688142 -0.002 0
5.96902604182061 0.200532957384649 -2.50928702196528 -0.002 0
6.28318530717959 -1.07926847252094 2.85043611756703 -0.002 0
6.59734457253857 1.99151479067977 2.60552570491234 -0.002 0
6.91150383789754 0.557831610137458 -8.72104297298514 -0.002 0
7.22566310325652 -3.48807811643443 -15.5456975400271 -0.002 0
7.5398223686155 -9.20981822719818 -16.5375466226684 -0.002 0
7.85398163397448 -13.8789251120692 -7.26868147099202 -0.002 0
8.16814089933346 -13.7768654893087 7.67454795603162 -0.002 0
8.48230016469244 -9.05686441641085 17.8490667998075 -0.002 0
8.79645943005142 -2.56196606296696 24.9756200549609 -0.002 0
9.1106186954104 6.63578048029218 26.5650858518771 -0.002 0
9.42477796076938 14.1293696478809 15.9990922675815 -0.002 0
9.73893722612836 16.68830662668 14.6695622362877 -0.002 0
10.0530964914873 23.3465274384608 28.8662295632112 -0.002 0
10.3672557568463 34.8254935732042 38.6182507774671 -0.002 0
10.6814150222053 47.6110900258566 44.3746881622378 -0.002 0
10.9955742875643 62.706932440369 49.0301333756048 -0.002 0
11.3097335529233 78.4176313893222 49.0514555708878 -0.002 0
11.6238928182822 93.5268709342464 53.2783615786824 -0.002 0
11.9380520836412 111.8934132555 65.793844084936 -0.002 0
12.2522113490002 134.86636237998 71.3949382898342 -0.002 0
12.5663706143592 156.752175982468 72.1908309036354 -0.002 0
12.8805298797182 180.225199184661 81.8998884914445 -0.002 0
13.1946891450771 208.211393585377 83.0986872711646 -0.002 0
13.5088484104361 232.43764427547 77.4302909073281 -0.002 0
13.8230076757951 256.862280201334 83.0899321562022 -0.002 0
14.1371669411541 284.64458836531 81.0047885139716 -0.002 0
14.451326206513 307.759089901551 74.4924874801814 -0.002 0
14.765485471872 331.449598648383 83.2626870462261 -0.002 0
15.079644737231 360.074579090065 83.7717872115669 -0.002 0
15.39380400259 384.084964904772 70.7353144154903 -0.002 0
15.707963267949 404.518887913479 59.7093935908245 -0.002 0
16.0221225333079 421.60148335582 49.7607289829879 -0.002 0
16.3362817986669 435.784476035524 39.0087829938044 -0.002 0
16.6504410640259 446.111424571583 32.83032541805 -0.002 0
16.9646003293849 456.412377865186 38.8495368944529 -0.002 0
17.2787595947439 470.521308512178 50.0746681080632 -0.002 0
17.5929188601028 487.875219757034 61.5274072523691 -0.002 0
17.9070781254618 509.180118635872 65.9326040594417 -0.002 0
18.2212373908208 529.301896666071 56.2081444014713 -0.002 0
18.5353966561798 544.496737340588 54.9807002129197 -0.002 0
18.8495559215388 563.847289441697 69.4302333598746 -0.002 0
